# Created by Octave 4.2.2, Wed Apr 24 12:02:10 2019 CEST <jtorretr@kc-xps13>
# name: Data
# type: scalar struct
# ndims: 2
 1 1
# length: 10
# name: SubjectID
# type: sq_string
# elements: 1
# length: 2
99


# name: BlockCond
# type: matrix
# rows: 1
# columns: 12
 8 5 7 6 5 8 7 7 8 5 6 6


# name: RunType
# type: scalar
2


# name: RunNum
# type: scalar
1


# name: Trials
# type: cell
# rows: 1
# columns: 12
# name: <cell-element>
# type: matrix
# rows: 8
# columns: 13
 2 90 1 2 0 -1 -1 -1 -1 1.483225107192993 0.1377833992362033 4 7
 2 -90 1 2 0 -1 -1 -1 -1 1.483261108398438 0.1416142475730569 5 -4
 2 90 1 2 0 -1 -1 -1 -1 1.483330965042114 0.05002018803521579 -6 -3
 2 90 1 2 0 -1 -1 -1 -1 1.483322143554688 0.1214987263707744 -9 -7
 2 -90 1 2 0 -1 -1 -1 -1 1.483330011367798 0.06938128697256735 6 -6
 2 -90 1 2 0 -1 -1 -1 -1 1.483113050460815 0.1827174937830937 -9 2
 2 -90 1 2 0 -1 -1 -1 -1 1.483407020568848 0.1994259140785988 9 6
 2 90 1 2 0 -1 -1 -1 -1 1.483270168304443 0.429887301346293 8 5



# name: <cell-element>
# type: matrix
# rows: 8
# columns: 13
 1 90 0 2 0 -1 -1 -1 -1 1.483313083648682 1.031990248002778 -5 -8
 1 -90 0 2 0 -1 -1 -1 -1 1.483922958374023 0.4032115230860427 -5 -9
 1 -90 0 2 0 -1 -1 -1 -1 1.483361005783081 0.1962364192032393 6 5
 1 90 0 2 0 -1 -1 -1 -1 1.483368873596191 1.041479849624976 -8 8
 1 -90 0 2 0 -1 -1 -1 -1 1.483253955841064 0.3749215340122008 -0 0
 1 90 0 2 0 -1 -1 -1 -1 1.483330011367798 0.3000291551738234 4 -5
 1 -90 0 2 0 -1 -1 -1 -1 1.483061075210571 0.4123574561463796 2 -3
 1 90 0 2 0 -1 -1 -1 -1 1.483751058578491 0.3964304293761887 3 1



# name: <cell-element>
# type: matrix
# rows: 8
# columns: 13
 1 -90 1 2 0 -1 -1 -1 -1 1.483368158340454 0.6576066484951024 -8 5
 1 90 1 2 0 -1 -1 -1 -1 1.483427047729492 0.454278230478893 -9 -1
 1 -90 1 2 0 -1 -1 -1 -1 1.483407974243164 0.8541869550069184 9 -7
 1 90 1 2 0 -1 -1 -1 -1 1.483315944671631 0.931917151771599 3 0
 1 90 1 2 0 -1 -1 -1 -1 1.483330965042114 0.9820218512018489 -3 5
 1 -90 1 2 0 -1 -1 -1 -1 1.483260869979858 0.1477650138502092 -0 7
 1 -90 1 2 0 -1 -1 -1 -1 1.483582973480225 0.09930860678953383 -4 -1
 1 90 1 2 0 -1 -1 -1 -1 1.482568025588989 1.038127538792007 2 0



# name: <cell-element>
# type: matrix
# rows: 8
# columns: 13
 2 -90 0 2 0 -1 -1 -1 -1 1.483217000961304 0.4885171351690226 -3 -1
 2 90 0 2 0 -1 -1 -1 -1 1.483282089233398 0.5039655676275558 2 3
 2 -90 0 2 0 -1 -1 -1 -1 1.483319997787476 0.3784516053462582 -9 -7
 2 90 0 2 0 -1 -1 -1 -1 1.483244895935059 0.4776922108145407 -2 9
 2 90 0 2 0 -1 -1 -1 -1 1.483329057693481 0.3665828263929314 -3 0
 2 90 0 2 0 -1 -1 -1 -1 1.483287811279297 0.9023574693326261 -2 3
 2 -90 0 2 0 -1 -1 -1 -1 1.483370065689087 1.050851668502376 -2 1
 2 -90 0 2 0 -1 -1 -1 -1 1.483025074005127 0.08685930657044946 7 3



# name: <cell-element>
# type: matrix
# rows: 8
# columns: 13
 1 -90 0 2 0 -1 -1 -1 -1 1.483028888702393 0.6620759969323894 -2 -3
 1 -90 0 2 0 -1 -1 -1 -1 1.483364105224609 0.8890903930731768 -0 -8
 1 -90 0 2 0 -1 -1 -1 -1 1.483098030090332 0.7352182468028149 -9 7
 1 90 0 2 0 -1 -1 -1 -1 1.483402013778687 0.1930735261142104 -3 9
 1 90 0 2 0 -1 -1 -1 -1 1.482985973358154 0.1046718486546877 -8 -8
 1 90 0 2 0 -1 -1 -1 -1 1.483289003372192 0.129443206976972 7 1
 1 -90 0 2 0 -1 -1 -1 -1 1.483431100845337 0.9523201497689228 6 5
 1 90 0 2 0 -1 -1 -1 -1 1.483350038528442 0.322117148731958 4 7



# name: <cell-element>
# type: matrix
# rows: 8
# columns: 13
 2 -90 1 2 0 -1 -1 -1 -1 1.483330965042114 0.9626012620456331 4 -6
 2 90 1 2 0 -1 -1 -1 -1 1.483045101165771 0.306128095948604 -1 6
 2 -90 1 2 0 -1 -1 -1 -1 1.483321189880371 0.1672143494840988 4 -7
 2 90 1 2 0 -1 -1 -1 -1 1.483295917510986 0.234502796055622 4 2
 2 -90 1 2 0 -1 -1 -1 -1 1.483306169509888 0.3218719190540357 3 7
 2 -90 1 2 0 -1 -1 -1 -1 1.482972145080566 0.4279788240380181 0 4
 2 90 1 2 0 -1 -1 -1 -1 1.483237981796265 0.9135989846213097 -4 1
 2 90 1 2 0 -1 -1 -1 -1 1.483320951461792 0.1983109057960246 -7 1



# name: <cell-element>
# type: matrix
# rows: 8
# columns: 13
 1 90 1 2 0 -1 -1 -1 -1 1.483281135559082 0.7669344183279034 1 3
 1 90 1 2 0 -1 -1 -1 -1 1.483242034912109 0.4757125850007499 6 5
 1 90 1 2 0 -1 -1 -1 -1 1.483305931091309 0.8948460312524343 3 5
 1 90 1 2 0 -1 -1 -1 -1 1.483247041702271 0.8166849095248968 -8 0
 1 -90 1 2 0 -1 -1 -1 -1 1.482911109924316 0.5291029186941377 -3 -2
 1 -90 1 2 0 -1 -1 -1 -1 1.482908010482788 0.4040692213146325 -2 -7
 1 -90 1 2 0 -1 -1 -1 -1 1.483293056488037 1.014372857638948 1 -3
 1 -90 1 2 0 -1 -1 -1 -1 1.483340978622437 0.7902087309662722 -0 0



# name: <cell-element>
# type: matrix
# rows: 8
# columns: 13
 1 90 1 2 0 -1 -1 -1 -1 1.483253002166748 0.8059540346323683 4 3
 1 -90 1 2 0 -1 -1 -1 -1 1.483157873153687 0.8665615571149032 -7 -7
 1 90 1 2 0 -1 -1 -1 -1 1.483315944671631 0.3787742047054164 7 7
 1 -90 1 2 0 -1 -1 -1 -1 1.483319997787476 0.01883070936663123 -2 5
 1 90 1 2 0 -1 -1 -1 -1 1.483285903930664 0.6031450209625067 -7 5
 1 -90 1 2 0 -1 -1 -1 -1 1.483341932296753 0.815302479194171 -2 2
 1 -90 1 2 0 -1 -1 -1 -1 1.483327150344849 0.5434974871349089 9 6
 1 90 1 2 0 -1 -1 -1 -1 1.483311891555786 0.8574023358680442 6 3



# name: <cell-element>
# type: matrix
# rows: 8
# columns: 13
 2 -90 1 2 0 -1 -1 -1 -1 1.483022928237915 1.058027650352107 -1 8
 2 -90 1 2 0 -1 -1 -1 -1 1.483301877975464 0.7968546360627212 2 -3
 2 -90 1 2 0 -1 -1 -1 -1 1.48330020904541 0.4696623482073946 7 -6
 2 90 1 2 0 -1 -1 -1 -1 1.483174800872803 0.7443362257300077 1 7
 2 90 1 2 0 -1 -1 -1 -1 1.483282089233398 0.7374505142728258 5 0
 2 90 1 2 0 -1 -1 -1 -1 1.483334064483643 0.6351616535365062 3 6
 2 -90 1 2 0 -1 -1 -1 -1 1.483253955841064 0.6343837001946789 -0 1
 2 90 1 2 0 -1 -1 -1 -1 1.48332691192627 0.3627566198835024 -5 -4



# name: <cell-element>
# type: matrix
# rows: 8
# columns: 13
 1 -90 0 2 0 -1 -1 -1 -1 1.483328819274902 0.4026925548937494 5 -0
 1 -90 0 2 0 -1 -1 -1 -1 1.483311891555786 0.9422238083394663 -3 -4
 1 90 0 2 0 -1 -1 -1 -1 1.483296871185303 0.2868594343240684 -4 1
 1 -90 0 2 0 -1 -1 -1 -1 1.483452796936035 0.8297392286912397 8 -0
 1 90 0 2 0 -1 -1 -1 -1 1.483336925506592 0.7077539760216046 8 9
 1 90 0 2 0 -1 -1 -1 -1 1.483244895935059 0.5724644537003161 3 -0
 1 -90 0 2 0 -1 -1 -1 -1 1.483366012573242 0.05509593059398574 4 -6
 1 90 0 2 0 -1 -1 -1 -1 1.483053922653198 0.4991955873494519 -5 7



# name: <cell-element>
# type: matrix
# rows: 8
# columns: 13
 2 90 0 2 0 -1 -1 -1 -1 1.483277797698975 1.032212233646865 -0 -5
 2 90 0 2 0 -1 -1 -1 -1 1.483219861984253 0.1410303938186371 -6 2
 2 -90 0 2 0 -1 -1 -1 -1 1.483309984207153 0.649701266784051 -4 8
 2 90 0 2 0 -1 -1 -1 -1 1.483308076858521 1.001746653245384 -2 -8
 2 -90 0 2 0 -1 -1 -1 -1 1.483268976211548 1.010981658189328 -4 9
 2 90 0 2 0 -1 -1 -1 -1 1.483277082443237 0.2035168974253571 -2 1
 2 -90 0 2 0 -1 -1 -1 -1 1.483306169509888 0.8587904647977077 4 -4
 2 -90 0 2 0 -1 -1 -1 -1 1.483077049255371 0.02322040392129149 -7 -6



# name: <cell-element>
# type: matrix
# rows: 8
# columns: 13
 2 90 0 2 0 -1 -1 -1 -1 1.483290910720825 0.6320733508801543 9 -1
 2 90 0 2 0 -1 -1 -1 -1 1.483250141143799 0.4364047453591989 6 3
 2 90 0 2 0 -1 -1 -1 -1 1.483416795730591 0.7991607292851366 0 -4
 2 -90 0 2 0 -1 -1 -1 -1 1.483335971832275 0.2416096569764913 5 -1
 2 90 0 2 0 -1 -1 -1 -1 1.483366012573242 0.3017262810782299 6 1
 2 -90 0 2 0 -1 -1 -1 -1 1.483509063720703 0.3456252766498033 2 8
 2 -90 0 2 0 -1 -1 -1 -1 1.483350992202759 0.3981463802386678 -7 5
 2 -90 0 2 0 -1 -1 -1 -1 1.483279943466187 0.8078553919594484 -8 -6





# name: StimulusDuration
# type: scalar
0.5


# name: StimulusDistance
# type: scalar
98


# name: Date
# type: matrix
# rows: 1
# columns: 6
 2019 4 24 12 2 10


# name: Folder
# type: sq_string
# elements: 1
# length: 5
Data/


# name: Filename
# type: sq_string
# elements: 1
# length: 37
99-2019-04-24-12-02-LOC-0500-0098.mat




